[gd_scene load_steps=5 format=2]

[ext_resource path="res://Script/Pos.gd" type="Script" id=1]
[ext_resource path="res://Assets/Models/OBJ/Pivot.obj" type="ArrayMesh" id=2]
[ext_resource path="res://Script/Others/3D_View.gd" type="Script" id=3]

[sub_resource type="SpatialMaterial" id=9]
flags_transparent = true
flags_unshaded = true
albedo_color = Color( 1, 1, 1, 0.141176 )

[node name="3D_View" type="Spatial"]
script = ExtResource( 3 )

[node name="Pos_Texture" type="MeshInstance" parent="."]
transform = Transform( 0.398871, 0, 0, 0, 0.398871, 0, 0, 0, 0.398871, 0, 0, 0 )
visible = false
material_override = SubResource( 9 )
mesh = ExtResource( 2 )
skeleton = NodePath("../Pos")

[node name="Camera" type="Camera" parent="."]
transform = Transform( 1, 1.68645e-08, 2.57766e-07, -1.94193e-07, 0.707107, 0.707107, -1.70343e-07, -0.707107, 0.707107, 1.0677e-06, 7.07107, 7.07107 )
cull_mask = 1

[node name="Pos_Lock" type="Position3D" parent="Camera"]
transform = Transform( 1, 0, 0, 0, 1, -2.98023e-08, 0, 2.98023e-08, 1, 0, 2.5332e-07, -9.822 )

[node name="Ray" type="RayCast" parent="Camera"]
enabled = true
cast_to = Vector3( 0, 0, -150 )
collide_with_areas = true
collide_with_bodies = false

[node name="Pos" type="Spatial" parent="."]
transform = Transform( -1, 1.68643e-08, -1.0677e-07, 8.74228e-08, 0.707107, -0.707107, 6.3573e-08, -0.707107, -0.707107, 0, 0, 0 )
script = ExtResource( 1 )
Index_values = true
PosLock_path = NodePath("../Camera/Pos_Lock")
CamLock_path = NodePath("CamLock")
Cam_path = NodePath("../Camera")
Ray_path = NodePath("../Camera/Ray")

[node name="Pos_lock" type="RemoteTransform" parent="Pos"]
remote_path = NodePath("../../Pos_Texture")
update_rotation = false
update_scale = false

[node name="CamLock" type="Position3D" parent="Pos"]
transform = Transform( 1, 1.68643e-08, 2.57766e-07, -1.94193e-07, 0.707107, 0.707107, -1.70343e-07, -0.707107, 0.707107, 7.95808e-13, 0, -10 )

[node name="Pos_lock" type="RemoteTransform" parent="Pos/CamLock"]
transform = Transform( 1, 1.68643e-08, 2.57766e-07, -1.94193e-07, 0.707107, 0.707107, -1.70343e-07, -0.707107, 0.707107, 0, 0, 0 )
remote_path = NodePath("../../../Camera")
update_rotation = false
update_scale = false

[node name="Rot" type="Position3D" parent="Pos"]
transform = Transform( 1, 0, -7.10543e-15, 3.55271e-15, 1, 0, 0, 0, 1, 7.67386e-13, 0, -10 )

[node name="Timer" type="Timer" parent="."]
